
#################################################################
# Summary Statistics
#################################################################

DIC = 360.9993

                             Mean    SD  2.5%    5%   25%   50%   75%   95% 97.5%
p.JAB14.marine_fauna        0.865 0.032 0.796 0.809 0.845 0.867 0.888 0.914 0.923
p.JAB16.marine_fauna        0.943 0.039 0.848 0.868 0.919 0.951 0.974 0.991 0.994
p.JAB28.marine_fauna        0.978 0.017 0.937 0.946 0.969 0.982 0.990 0.996 0.997
p.JAB48.marine_fauna        0.954 0.033 0.873 0.890 0.936 0.961 0.980 0.993 0.995
p.JAB57.marine_fauna        0.938 0.041 0.841 0.859 0.912 0.946 0.972 0.990 0.993
p.MRS11.marine_fauna        0.198 0.056 0.092 0.107 0.160 0.197 0.236 0.293 0.310
p.MRS2.marine_fauna         0.205 0.052 0.104 0.119 0.170 0.205 0.238 0.289 0.309
p.MRS5.marine_fauna         0.265 0.051 0.162 0.180 0.230 0.265 0.300 0.349 0.363
p.MRS6.marine_fauna         0.174 0.053 0.073 0.087 0.139 0.175 0.209 0.263 0.281
p.NGeo 1.marine_fauna       0.947 0.037 0.857 0.873 0.926 0.957 0.976 0.992 0.995
p.NGeo 10.marine_fauna      0.942 0.040 0.849 0.865 0.918 0.950 0.973 0.992 0.995
p.NGeo 2.marine_fauna       0.917 0.052 0.801 0.820 0.884 0.924 0.959 0.987 0.992
p.NGeo 3.marine_fauna       0.944 0.038 0.852 0.871 0.922 0.952 0.975 0.991 0.994
p.NGeo 4.marine_fauna       0.975 0.019 0.928 0.937 0.966 0.980 0.989 0.996 0.997
p.NGeo 5.marine_fauna       0.380 0.053 0.277 0.293 0.343 0.381 0.416 0.467 0.482
p.NGeo 6.marine_fauna       0.961 0.029 0.888 0.904 0.946 0.968 0.983 0.994 0.996
p.NGeo 7.marine_fauna       0.957 0.031 0.881 0.897 0.939 0.963 0.980 0.993 0.995
p.NGeo 8.marine_fauna       0.920 0.050 0.812 0.830 0.887 0.927 0.962 0.988 0.992
p.NGeo 9.marine_fauna       0.961 0.028 0.894 0.909 0.946 0.968 0.983 0.994 0.996
p.PG02.marine_fauna         0.684 0.064 0.568 0.585 0.641 0.680 0.724 0.792 0.818
p.PG03.marine_fauna         0.818 0.068 0.692 0.711 0.771 0.814 0.866 0.938 0.956
p.PG08.marine_fauna         0.691 0.068 0.570 0.586 0.646 0.687 0.731 0.810 0.834
p.PG09.marine_fauna         0.723 0.065 0.612 0.627 0.677 0.719 0.764 0.837 0.862
p.PG10.marine_fauna         0.729 0.073 0.597 0.618 0.678 0.724 0.776 0.855 0.881
p.PG11.marine_fauna         0.873 0.063 0.747 0.767 0.828 0.874 0.920 0.976 0.984
p.PG18.marine_fauna         0.789 0.071 0.662 0.679 0.738 0.784 0.835 0.914 0.939
p.PG19.marine_fauna         0.726 0.068 0.608 0.625 0.679 0.722 0.767 0.842 0.878
p.PG26.marine_fauna         0.919 0.051 0.805 0.826 0.885 0.925 0.961 0.987 0.991
p.JAB14.terrestrial_fauna   0.135 0.032 0.077 0.086 0.112 0.133 0.155 0.191 0.204
p.JAB16.terrestrial_fauna   0.057 0.039 0.006 0.009 0.026 0.049 0.081 0.132 0.152
p.JAB28.terrestrial_fauna   0.022 0.017 0.003 0.004 0.010 0.018 0.031 0.054 0.063
p.JAB48.terrestrial_fauna   0.046 0.033 0.005 0.007 0.020 0.039 0.064 0.110 0.127
p.JAB57.terrestrial_fauna   0.062 0.041 0.007 0.010 0.028 0.054 0.088 0.141 0.159
p.MRS11.terrestrial_fauna   0.802 0.056 0.690 0.707 0.764 0.803 0.840 0.893 0.908
p.MRS2.terrestrial_fauna    0.795 0.052 0.691 0.711 0.762 0.795 0.830 0.881 0.896
p.MRS5.terrestrial_fauna    0.735 0.051 0.637 0.651 0.700 0.735 0.770 0.820 0.838
p.MRS6.terrestrial_fauna    0.826 0.053 0.719 0.737 0.791 0.825 0.861 0.913 0.927
p.NGeo 1.terrestrial_fauna  0.053 0.037 0.005 0.008 0.024 0.043 0.074 0.127 0.143
p.NGeo 10.terrestrial_fauna 0.058 0.040 0.005 0.008 0.027 0.050 0.082 0.135 0.151
p.NGeo 2.terrestrial_fauna  0.083 0.052 0.008 0.013 0.041 0.076 0.116 0.180 0.199
p.NGeo 3.terrestrial_fauna  0.056 0.038 0.006 0.009 0.025 0.048 0.078 0.129 0.148
p.NGeo 4.terrestrial_fauna  0.025 0.019 0.003 0.004 0.011 0.020 0.034 0.063 0.072
p.NGeo 5.terrestrial_fauna  0.620 0.053 0.518 0.533 0.584 0.619 0.657 0.707 0.723
p.NGeo 6.terrestrial_fauna  0.039 0.029 0.004 0.006 0.017 0.032 0.054 0.096 0.112
p.NGeo 7.terrestrial_fauna  0.043 0.031 0.005 0.007 0.020 0.037 0.061 0.103 0.119
p.NGeo 8.terrestrial_fauna  0.080 0.050 0.008 0.012 0.038 0.073 0.113 0.170 0.188
p.NGeo 9.terrestrial_fauna  0.039 0.028 0.004 0.006 0.017 0.032 0.054 0.091 0.106
p.PG02.terrestrial_fauna    0.316 0.064 0.182 0.208 0.276 0.320 0.359 0.415 0.432
p.PG03.terrestrial_fauna    0.182 0.068 0.044 0.062 0.134 0.186 0.229 0.289 0.308
p.PG08.terrestrial_fauna    0.309 0.068 0.166 0.190 0.269 0.313 0.354 0.414 0.430
p.PG09.terrestrial_fauna    0.277 0.065 0.138 0.163 0.236 0.281 0.323 0.373 0.388
p.PG10.terrestrial_fauna    0.271 0.073 0.119 0.145 0.224 0.276 0.322 0.382 0.403
p.PG11.terrestrial_fauna    0.127 0.063 0.016 0.024 0.080 0.126 0.172 0.233 0.253
p.PG18.terrestrial_fauna    0.211 0.071 0.061 0.086 0.165 0.216 0.262 0.321 0.338
p.PG19.terrestrial_fauna    0.274 0.068 0.122 0.158 0.233 0.278 0.321 0.375 0.392
p.PG26.terrestrial_fauna    0.081 0.051 0.009 0.013 0.039 0.075 0.115 0.174 0.195
